v
300.000000 300.000000
360.000000 300.000000
378.541020 357.063391
318.541020 357.063391
408.541020 335.267115
427.082039 392.330506
457.082039 300.000000
408.541020 264.732885
427.082039 207.669494
378.541020 242.936609
318.541020 242.936609
270.000000 392.330506
251.458980 335.267115
300.000000 414.126782
251.458980 449.393897
348.541020 449.393897
367.082039 392.330506
202.917961 300.000000
251.458980 264.732885
191.458980 335.267115
142.917961 300.000000
172.917961 392.330506
232.917961 392.330506
270.000000 207.669494
232.917961 207.669494
251.458980 150.606103
172.917961 207.669494
191.458980 264.732885
367.082039 207.669494
348.541020 150.606103
300.000000 185.873218
330.000000 300.000000
369.270510 328.531696
348.541020 357.063391
309.270510 328.531696
384.270510 317.633557
417.811530 363.798811
402.811530 374.696949
432.811530 317.633557
432.811530 282.366443
417.811530 236.201189
402.811530 225.303051
369.270510 271.468304
384.270510 282.366443
348.541020 242.936609
309.270510 271.468304
294.270510 374.696949
260.729490 363.798811
275.729490 317.633557
309.270510 385.595086
275.729490 431.760339
260.729490 420.862201
324.270510 431.760339
357.811530 420.862201
397.082039 392.330506
342.811530 374.696949
227.188470 317.633557
227.188470 282.366443
275.729490 282.366443
221.458980 335.267115
167.188470 317.633557
172.917961 300.000000
182.188470 363.798811
202.917961 392.330506
242.188470 420.862201
242.188470 363.798811
260.729490 236.201189
294.270510 225.303051
242.188470 236.201189
242.188470 179.137798
260.729490 179.137798
202.917961 207.669494
182.188470 236.201189
167.188470 282.366443
221.458980 264.732885
342.811530 225.303051
397.082039 207.669494
357.811530 179.137798
324.270510 168.239661
275.729490 168.239661
309.270510 214.404914
f
e
0 31
1 31
1 32
2 32
2 33
3 33
0 34
3 34
1 35
4 35
4 36
5 36
2 37
5 37
4 38
6 38
6 39
7 39
7 40
8 40
8 41
9 41
1 42
9 42
1 43
7 43
9 44
10 44
0 45
10 45
3 46
11 46
11 47
12 47
0 48
12 48
3 49
13 49
13 50
14 50
11 51
14 51
13 52
15 52
15 53
16 53
5 54
16 54
3 55
16 55
12 56
17 56
17 57
18 57
0 58
18 58
12 59
19 59
19 60
20 60
17 61
20 61
19 62
21 62
21 63
22 63
14 64
22 64
12 65
22 65
18 66
23 66
10 67
23 67
18 68
24 68
24 69
25 69
23 70
25 70
24 71
26 71
26 72
27 72
20 73
27 73
18 74
27 74
10 75
28 75
8 76
28 76
28 77
29 77
29 78
30 78
25 79
30 79
10 80
30 80
a
0 31 34
0 34 45
0 45 48
0 48 58
1 31 32
1 32 35
1 35 42
1 42 43
2 32 33
2 33 37
3 33 34
3 34 46
3 46 49
3 49 55
4 35 36
4 36 38
5 36 37
5 37 54
6 38 39
7 39 40
7 40 43
8 40 41
8 41 76
9 41 42
9 42 44
10 44 45
10 45 67
10 67 75
10 75 80
11 46 47
11 47 51
12 47 48
12 48 56
12 56 59
12 59 65
13 49 50
13 50 52
14 50 51
14 51 64
15 52 53
16 53 54
16 54 55
17 56 57
17 57 61
18 57 58
18 58 66
18 66 68
18 68 74
19 59 60
19 60 62
20 60 61
20 61 73
21 62 63
22 63 64
22 64 65
23 66 67
23 67 70
24 68 69
24 69 71
25 69 70
25 70 79
26 71 72
27 72 73
27 73 74
28 75 76
28 76 77
29 77 78
30 78 79
30 79 80
