v
300.000000 300.000000
304.659919 342.780722
346.786133 351.567861
342.126164 308.788608
260.756508 317.642464
265.400155 360.427860
271.083713 268.128685
231.850128 285.785822
321.375917 262.650615
292.460084 230.778719
363.503499 271.439738
323.708131 318.506124
321.860213 368.397911
323.077271 333.062674
324.926586 283.170935
289.725845 328.266480
241.700452 341.910940
275.687183 332.166060
269.942092 298.963520
242.110821 257.514450
261.908529 286.807986
291.697346 271.092941
322.517972 231.815794
300.762165 259.685942
371.804980 300.347134
338.576230 288.267792
f
0
18
e
0 11
1 11
1 12
2 12
2 13
3 13
0 14
3 14
0 15
4 15
4 16
5 16
1 17
5 17
0 18
6 18
6 19
7 19
4 20
7 20
0 21
8 21
8 22
9 22
6 23
9 23
3 24
10 24
8 25
10 25
a
0 11 14
0 14 15
0 15 18
0 18 21
1 11 12
1 12 17
2 12 13
3 13 14
3 14 24
4 15 16
4 16 20
5 16 17
6 18 19
6 19 23
7 19 20
8 21 22
8 22 25
9 22 23
10 24 25
