v
300.000000 300.000000
348.541020 335.267115
397.082039 300.000000
348.541020 264.732885
281.458980 357.063391
330.000000 392.330506
240.000000 300.000000
221.458980 357.063391
281.458980 242.936609
221.458980 242.936609
330.000000 207.669494
324.270510 317.633557
372.811530 317.633557
372.811530 282.366443
324.270510 282.366443
290.729490 328.531696
305.729490 374.696949
339.270510 363.798811
270.000000 300.000000
230.729490 328.531696
251.458980 357.063391
290.729490 271.468304
251.458980 242.936609
230.729490 271.468304
339.270510 236.201189
305.729490 225.303051
f
e
0 11
1 11
1 12
2 12
2 13
3 13
0 14
3 14
0 15
4 15
4 16
5 16
1 17
5 17
0 18
6 18
6 19
7 19
4 20
7 20
0 21
8 21
8 22
9 22
6 23
9 23
3 24
10 24
8 25
10 25
a
0 11 14
0 14 15
0 15 18
0 18 21
1 11 12
1 12 17
2 12 13
3 13 14
3 14 24
4 15 16
4 16 20
5 16 17
6 18 19
6 19 23
7 19 20
8 21 22
8 22 25
9 22 23
10 24 25
