v
300.000000 300.000000
360.000000 300.000000
378.541020 357.063391
397.082039 300.000000
378.541020 242.936609
427.082039 392.330506
445.623059 335.267115
378.541020 427.597621
330.000000 392.330506
270.000000 392.330506
318.541020 357.063391
475.623059 357.063391
494.164079 300.000000
535.623059 357.063391
487.082039 392.330506
505.623059 449.393897
445.623059 449.393897
554.164079 300.000000
475.623059 242.936609
535.623059 242.936609
427.082039 207.669494
487.082039 207.669494
505.623059 150.606103
445.623059 150.606103
445.623059 264.732885
330.000000 207.669494
378.541020 172.402379
318.541020 242.936609
270.000000 207.669494
251.458980 449.393897
311.458980 449.393897
202.917961 414.126782
221.458980 357.063391
202.917961 300.000000
251.458980 335.267115
300.000000 484.661012
360.000000 484.661012
318.541020 541.724403
270.000000 506.457288
221.458980 541.724403
202.917961 484.661012
378.541020 541.724403
408.541020 449.393897
427.082039 506.457288
142.917961 300.000000
161.458980 357.063391
161.458980 242.936609
221.458980 242.936609
251.458980 264.732885
124.376941 357.063391
142.917961 414.126782
75.835921 392.330506
94.376941 335.267115
45.835921 300.000000
94.376941 264.732885
94.376941 449.393897
191.458980 449.393897
142.917961 484.661012
251.458980 150.606103
202.917961 185.873218
311.458980 150.606103
191.458980 150.606103
142.917961 185.873218
142.917961 115.338988
202.917961 115.338988
221.458980 58.275597
270.000000 93.542712
94.376941 150.606103
124.376941 242.936609
75.835921 207.669494
408.541020 150.606103
360.000000 115.338988
427.082039 93.542712
378.541020 58.275597
300.000000 115.338988
318.541020 58.275597
330.000000 300.000000
369.270510 328.531696
387.811530 328.531696
387.811530 271.468304
369.270510 271.468304
402.811530 374.696949
436.352549 363.798811
421.352549 317.633557
402.811530 409.964064
354.270510 409.964064
354.270510 374.696949
300.000000 392.330506
294.270510 374.696949
348.541020 357.063391
309.270510 328.531696
451.352549 374.696949
484.893569 328.531696
469.893569 317.633557
505.623059 357.063391
511.352549 374.696949
457.082039 392.330506
496.352549 420.862201
436.352549 420.862201
475.623059 449.393897
544.893569 328.531696
524.164079 300.000000
484.893569 271.468304
505.623059 242.936609
544.893569 271.468304
451.352549 225.303051
457.082039 207.669494
511.352549 225.303051
496.352549 179.137798
475.623059 150.606103
436.352549 179.137798
436.352549 236.201189
421.352549 282.366443
402.811530 225.303051
469.893569 282.366443
354.270510 225.303051
354.270510 190.035936
402.811530 190.035936
348.541020 242.936609
294.270510 225.303051
300.000000 207.669494
309.270510 271.468304
260.729490 420.862201
281.458980 449.393897
320.729490 420.862201
227.188470 431.760339
212.188470 385.595086
245.729490 374.696949
212.188470 328.531696
227.188470 317.633557
260.729490 363.798811
275.729490 317.633557
275.729490 467.027454
330.000000 484.661012
335.729490 467.027454
309.270510 513.192708
294.270510 524.090846
260.729490 477.925592
245.729490 524.090846
227.188470 467.027454
212.188470 513.192708
348.541020 541.724403
369.270510 513.192708
384.270510 467.027454
417.811530 477.925592
402.811530 524.090846
417.811530 420.862201
436.352549 477.925592
369.270510 456.129317
172.917961 300.000000
152.188470 328.531696
191.458980 357.063391
152.188470 271.468304
191.458980 242.936609
212.188470 271.468304
245.729490 225.303051
260.729490 236.201189
227.188470 282.366443
275.729490 282.366443
133.647451 328.531696
133.647451 385.595086
152.188470 385.595086
100.106431 374.696949
85.106431 363.798811
118.647451 317.633557
70.106431 317.633557
118.647451 282.366443
70.106431 282.366443
85.106431 420.862201
118.647451 431.760339
167.188470 431.760339
167.188470 467.027454
118.647451 467.027454
221.458980 449.393897
172.917961 484.661012
172.917961 414.126782
260.729490 179.137798
227.188470 168.239661
212.188470 214.404914
281.458980 150.606103
320.729490 179.137798
221.458980 150.606103
167.188470 168.239661
172.917961 185.873218
167.188470 132.972545
172.917961 115.338988
227.188470 132.972545
212.188470 86.807293
260.729490 122.074407
245.729490 75.909154
118.647451 132.972545
118.647451 168.239661
133.647451 214.404914
100.106431 225.303051
85.106431 179.137798
133.647451 271.468304
85.106431 236.201189
152.188470 214.404914
417.811530 179.137798
384.270510 132.972545
369.270510 143.870683
417.811530 122.074407
436.352549 122.074407
402.811530 75.909154
369.270510 86.807293
330.000000 115.338988
309.270510 86.807293
348.541020 58.275597
275.729490 132.972545
294.270510 75.909154
335.729490 132.972545
f
e
0 76
1 76
1 77
2 77
2 78
3 78
3 79
4 79
1 80
4 80
2 81
5 81
5 82
6 82
3 83
6 83
5 84
7 84
7 85
8 85
2 86
8 86
8 87
9 87
9 88
10 88
2 89
10 89
0 90
10 90
5 91
11 91
11 92
12 92
6 93
12 93
11 94
13 94
13 95
14 95
5 96
14 96
14 97
15 97
5 98
16 98
15 99
16 99
13 100
17 100
12 101
17 101
12 102
18 102
18 103
19 103
17 104
19 104
18 105
20 105
20 106
21 106
19 107
21 107
21 108
22 108
22 109
23 109
20 110
23 110
20 111
24 111
3 112
24 112
4 113
20 113
12 114
24 114
4 115
25 115
25 116
26 116
20 117
26 117
4 118
27 118
27 119
28 119
25 120
28 120
0 121
27 121
9 122
29 122
29 123
30 123
8 124
30 124
29 125
31 125
31 126
32 126
9 127
32 127
32 128
33 128
33 129
34 129
9 130
34 130
0 131
34 131
29 132
35 132
35 133
36 133
30 134
36 134
35 135
37 135
37 136
38 136
29 137
38 137
38 138
39 138
29 139
40 139
39 140
40 140
37 141
41 141
36 142
41 142
36 143
42 143
42 144
43 144
41 145
43 145
5 146
42 146
16 147
43 147
7 148
36 148
33 149
44 149
44 150
45 150
32 151
45 151
44 152
46 152
46 153
47 153
33 154
47 154
28 155
47 155
28 156
48 156
33 157
48 157
0 158
48 158
44 159
49 159
49 160
50 160
45 161
50 161
49 162
51 162
51 163
52 163
44 164
52 164
52 165
53 165
44 166
54 166
53 167
54 167
51 168
55 168
50 169
55 169
50 170
56 170
56 171
57 171
55 172
57 172
29 173
56 173
40 174
57 174
31 175
50 175
28 176
58 176
58 177
59 177
47 178
59 178
58 179
60 179
25 180
60 180
58 181
61 181
61 182
62 182
59 183
62 183
61 184
63 184
63 185
64 185
58 186
64 186
64 187
65 187
58 188
66 188
65 189
66 189
63 190
67 190
62 191
67 191
62 192
68 192
68 193
69 193
67 194
69 194
44 195
68 195
54 196
69 196
46 197
62 197
20 198
70 198
70 199
71 199
26 200
71 200
70 201
72 201
23 202
72 202
72 203
73 203
71 204
73 204
71 205
74 205
74 206
75 206
73 207
75 207
58 208
74 208
66 209
75 209
60 210
71 210
a
0 76 90
0 90 121
0 121 131
0 131 158
1 76 77
1 77 80
2 77 78
2 78 81
2 81 86
2 86 89
3 78 79
3 79 83
3 83 112
4 79 80
4 80 113
4 113 115
4 115 118
5 81 82
5 82 84
5 84 91
5 91 96
5 96 98
5 98 146
6 82 83
6 83 93
7 84 85
7 85 148
8 85 86
8 86 87
8 87 124
9 87 88
9 88 122
9 122 127
9 127 130
10 88 89
10 89 90
11 91 92
11 92 94
12 92 93
12 93 101
12 101 102
12 102 114
13 94 95
13 95 100
14 95 96
14 96 97
15 97 99
16 98 99
16 99 147
17 100 101
17 101 104
18 102 103
18 103 105
19 103 104
19 104 107
20 105 106
20 106 110
20 110 111
20 111 113
20 113 117
20 117 198
21 106 107
21 107 108
22 108 109
23 109 110
23 110 202
24 111 112
24 112 114
25 115 116
25 116 120
25 120 180
26 116 117
26 117 200
27 118 119
27 119 121
28 119 120
28 120 155
28 155 156
28 156 176
29 122 123
29 123 125
29 125 132
29 132 137
29 137 139
29 139 173
30 123 124
30 124 134
31 125 126
31 126 175
32 126 127
32 127 128
32 128 151
33 128 129
33 129 149
33 149 154
33 154 157
34 129 130
34 130 131
35 132 133
35 133 135
36 133 134
36 134 142
36 142 143
36 143 148
37 135 136
37 136 141
38 136 137
38 137 138
39 138 140
40 139 140
40 140 174
41 141 142
41 142 145
42 143 144
42 144 146
43 144 145
43 145 147
44 149 150
44 150 152
44 152 159
44 159 164
44 164 166
44 166 195
45 150 151
45 151 161
46 152 153
46 153 197
47 153 154
47 154 155
47 155 178
48 156 157
48 157 158
49 159 160
49 160 162
50 160 161
50 161 169
50 169 170
50 170 175
51 162 163
51 163 168
52 163 164
52 164 165
53 165 167
54 166 167
54 167 196
55 168 169
55 169 172
56 170 171
56 171 173
57 171 172
57 172 174
58 176 177
58 177 179
58 179 181
58 181 186
58 186 188
58 188 208
59 177 178
59 178 183
60 179 180
60 180 210
61 181 182
61 182 184
62 182 183
62 183 191
62 191 192
62 192 197
63 184 185
63 185 190
64 185 186
64 186 187
65 187 189
66 188 189
66 189 209
67 190 191
67 191 194
68 192 193
68 193 195
69 193 194
69 194 196
70 198 199
70 199 201
71 199 200
71 200 204
71 204 205
71 205 210
72 201 202
72 202 203
73 203 204
73 204 207
74 205 206
74 206 208
75 206 207
75 207 209
