v
300.000000 300.000000
360.000000 300.000000
378.541020 357.063391
397.082039 300.000000
378.541020 242.936609
427.082039 392.330506
445.623059 335.267115
378.541020 427.597621
330.000000 392.330506
270.000000 392.330506
318.541020 357.063391
475.623059 357.063391
494.164079 300.000000
535.623059 357.063391
487.082039 392.330506
505.623059 449.393897
445.623059 449.393897
554.164079 300.000000
475.623059 242.936609
535.623059 242.936609
427.082039 207.669494
487.082039 207.669494
505.623059 150.606103
445.623059 150.606103
445.623059 264.732885
330.000000 207.669494
378.541020 172.402379
318.541020 242.936609
270.000000 207.669494
251.458980 449.393897
311.458980 449.393897
202.917961 414.126782
221.458980 357.063391
202.917961 300.000000
251.458980 335.267115
300.000000 484.661012
360.000000 484.661012
318.541020 541.724403
270.000000 506.457288
221.458980 541.724403
202.917961 484.661012
378.541020 541.724403
408.541020 449.393897
427.082039 506.457288
142.917961 300.000000
161.458980 357.063391
161.458980 242.936609
221.458980 242.936609
251.458980 264.732885
124.376941 357.063391
142.917961 414.126782
75.835921 392.330506
94.376941 335.267115
45.835921 300.000000
94.376941 264.732885
94.376941 449.393897
191.458980 449.393897
142.917961 484.661012
251.458980 150.606103
202.917961 185.873218
311.458980 150.606103
191.458980 150.606103
142.917961 185.873218
142.917961 115.338988
202.917961 115.338988
221.458980 58.275597
270.000000 93.542712
94.376941 150.606103
124.376941 242.936609
75.835921 207.669494
408.541020 150.606103
360.000000 115.338988
427.082039 93.542712
378.541020 58.275597
300.000000 115.338988
318.541020 58.275597
f
e
0 1
1 2
2 3
3 4
1 4
2 5
5 6
3 6
5 7
7 8
2 8
8 9
9 10
2 10
0 10
5 11
11 12
6 12
11 13
13 14
5 14
14 15
5 16
15 16
13 17
12 17
12 18
18 19
17 19
18 20
20 21
19 21
21 22
22 23
20 23
20 24
3 24
4 20
12 24
4 25
25 26
20 26
4 27
27 28
25 28
0 27
9 29
29 30
8 30
29 31
31 32
9 32
32 33
33 34
9 34
0 34
29 35
35 36
30 36
35 37
37 38
29 38
38 39
29 40
39 40
37 41
36 41
36 42
42 43
41 43
5 42
16 43
7 36
33 44
44 45
32 45
44 46
46 47
33 47
28 47
28 48
33 48
0 48
44 49
49 50
45 50
49 51
51 52
44 52
52 53
44 54
53 54
51 55
50 55
50 56
56 57
55 57
29 56
40 57
31 50
28 58
58 59
47 59
58 60
25 60
58 61
61 62
59 62
61 63
63 64
58 64
64 65
58 66
65 66
63 67
62 67
62 68
68 69
67 69
44 68
54 69
46 62
20 70
70 71
26 71
70 72
23 72
72 73
71 73
71 74
74 75
73 75
58 74
66 75
60 71
a
