v
300.000000 300.000000
340.062904 271.698393
379.359450 301.054802
339.296546 329.356408
389.109742 272.350296
428.406288 301.706708
404.886046 225.905430
355.839208 225.253526
341.302894 178.405766
325.526595 224.850629
285.463691 253.152236
323.520243 375.801273
284.223697 346.444865
353.832855 376.204172
338.056550 422.649038
402.879692 376.856073
388.343382 330.008312
235.176859 345.792962
250.953162 299.348096
244.160793 374.746472
195.113956 374.094570
258.697104 421.594234
298.760006 393.292627
236.416854 252.500333
211.656617 269.991687
197.120309 223.143922
171.593710 298.293292
210.890257 327.649705
301.239994 206.707373
261.943451 177.350963
246.167147 223.795827
330.000000 299.999999
370.088940 272.523107
349.359450 301.054802
309.270511 328.531696
364.839231 254.716739
398.380253 300.881992
403.629960 318.688360
413.380251 254.716737
380.109719 242.887082
365.109716 196.721829
349.797105 207.217071
316.256085 253.382324
331.568699 242.887086
295.526595 224.850630
309.270510 271.468304
347.790753 358.167716
314.249733 347.269578
275.729490 317.633557
363.103365 347.672476
329.562345 393.837730
314.249732 404.332968
378.103365 393.837729
379.072872 358.540007
418.343382 330.008314
364.072874 312.374754
259.447369 363.426519
259.447368 328.159404
275.729490 282.366443
274.160793 374.746471
219.890282 357.112915
205.176859 345.792963
234.890284 403.278169
268.760006 393.292626
308.030514 421.824323
308.030516 364.760933
227.146343 281.032027
260.687363 270.133890
220.927126 298.523382
220.927127 241.459991
227.146345 223.968636
181.656617 269.991687
201.619745 299.118009
186.619748 345.283264
240.890257 327.649703
276.969484 224.340929
331.239994 206.707375
291.969487 178.175676
270.437658 206.162271
221.896638 206.162269
255.437656 252.327523
f
0
48
e
0 31
1 31
1 32
2 32
2 33
3 33
0 34
3 34
1 35
4 35
4 36
5 36
2 37
5 37
4 38
6 38
6 39
7 39
7 40
8 40
8 41
9 41
1 42
9 42
1 43
7 43
9 44
10 44
0 45
10 45
3 46
11 46
11 47
12 47
0 48
12 48
3 49
13 49
13 50
14 50
11 51
14 51
13 52
15 52
15 53
16 53
5 54
16 54
3 55
16 55
12 56
17 56
17 57
18 57
0 58
18 58
12 59
19 59
19 60
20 60
17 61
20 61
19 62
21 62
21 63
22 63
14 64
22 64
12 65
22 65
18 66
23 66
10 67
23 67
18 68
24 68
24 69
25 69
23 70
25 70
24 71
26 71
26 72
27 72
20 73
27 73
18 74
27 74
10 75
28 75
8 76
28 76
28 77
29 77
29 78
30 78
25 79
30 79
10 80
30 80
a
0 31 34
0 34 45
0 45 48
0 48 58
1 31 32
1 32 35
1 35 42
1 42 43
2 32 33
2 33 37
3 33 34
3 34 46
3 46 49
3 49 55
4 35 36
4 36 38
5 36 37
5 37 54
6 38 39
7 39 40
7 40 43
8 40 41
8 41 76
9 41 42
9 42 44
10 44 45
10 45 67
10 67 75
10 75 80
11 46 47
11 47 51
12 47 48
12 48 56
12 56 59
12 59 65
13 49 50
13 50 52
14 50 51
14 51 64
15 52 53
16 53 54
16 54 55
17 56 57
17 57 61
18 57 58
18 58 66
18 66 68
18 68 74
19 59 60
19 60 62
20 60 61
20 61 73
21 62 63
22 63 64
22 64 65
23 66 67
23 67 70
24 68 69
24 69 71
25 69 70
25 70 79
26 71 72
27 72 73
27 73 74
28 75 76
28 76 77
29 77 78
30 78 79
30 79 80
