v
300.000000 300.000000
348.541020 264.732885
397.082039 300.000000
348.541020 335.267115
457.082039 300.000000
408.541020 335.267115
427.082039 392.330506
475.623059 357.063391
408.541020 264.732885
427.082039 207.669494
475.623059 242.936609
457.082039 414.126782
408.541020 449.393897
505.623059 449.393897
524.164079 392.330506
584.164079 392.330506
535.623059 357.063391
517.082039 300.000000
457.082039 484.661012
427.082039 506.457288
475.623059 541.724403
348.541020 449.393897
367.082039 506.457288
367.082039 392.330506
300.000000 484.661012
251.458980 449.393897
300.000000 414.126782
330.000000 392.330506
281.458980 357.063391
565.623059 449.393897
565.623059 335.267115
614.164079 300.000000
632.705098 357.063391
681.246118 392.330506
632.705098 427.597621
602.705098 449.393897
651.246118 484.661012
584.164079 506.457288
632.705098 541.724403
524.164079 506.457288
535.623059 541.724403
584.164079 576.991518
692.705098 357.063391
741.246118 392.330506
711.246118 300.000000
651.246118 300.000000
632.705098 242.936609
584.164079 207.669494
565.623059 264.732885
632.705098 172.402379
681.246118 207.669494
741.246118 207.669494
692.705098 242.936609
524.164079 207.669494
505.623059 150.606103
565.623059 150.606103
602.705098 150.606103
584.164079 93.542712
651.246118 115.338988
632.705098 58.275597
535.623059 58.275597
584.164079 23.008482
524.164079 93.542712
475.623059 58.275597
535.623059 242.936609
408.541020 150.606103
457.082039 185.873218
348.541020 150.606103
367.082039 207.669494
367.082039 93.542712
427.082039 93.542712
457.082039 115.338988
330.000000 207.669494
281.458980 242.936609
300.000000 185.873218
251.458980 150.606103
300.000000 115.338988
240.000000 484.661012
191.458980 449.393897
221.458980 541.724403
281.458980 541.724403
300.000000 598.787794
318.541020 541.724403
172.917961 506.457288
142.917961 484.661012
124.376941 541.724403
172.917961 392.330506
124.376941 427.597621
232.917961 392.330506
124.376941 357.063391
142.917961 300.000000
191.458980 335.267115
221.458980 357.063391
240.000000 300.000000
240.000000 598.787794
348.541020 563.520679
397.082039 598.787794
348.541020 634.054909
330.000000 691.118300
281.458980 655.851185
251.458980 634.054909
232.917961 691.118300
191.458980 634.054909
172.917961 691.118300
172.917961 576.991518
142.917961 598.787794
124.376941 655.851185
367.082039 691.118300
348.541020 748.181691
427.082039 691.118300
408.541020 634.054909
457.082039 598.787794
415.623059 541.724403
524.164079 576.991518
505.623059 634.054909
524.164079 691.118300
475.623059 655.851185
105.835921 300.000000
124.376941 242.936609
45.835921 300.000000
64.376941 357.063391
15.835921 392.330506
75.835921 392.330506
64.376941 242.936609
75.835921 207.669494
15.835921 207.669494
172.917961 207.669494
124.376941 172.402379
191.458980 264.732885
191.458980 150.606103
232.917961 207.669494
221.458980 242.936609
-2.705098 335.267115
64.376941 427.597621
45.835921 484.661012
-2.705098 449.393897
-62.705098 449.393897
-44.164079 392.330506
-32.705098 357.063391
-92.705098 357.063391
-51.246118 300.000000
-111.246118 300.000000
-2.705098 264.732885
-32.705098 242.936609
-92.705098 242.936609
-51.246118 484.661012
-111.246118 484.661012
-32.705098 541.724403
15.835921 506.457288
64.376941 541.724403
105.835921 484.661012
105.835921 598.787794
45.835921 598.787794
-2.705098 634.054909
15.835921 576.991518
240.000000 115.338988
221.458980 58.275597
172.917961 93.542712
124.376941 58.275597
142.917961 115.338988
281.458980 58.275597
318.541020 58.275597
300.000000 1.212206
172.917961 23.008482
105.835921 115.338988
45.835921 115.338988
64.376941 58.275597
45.835921 1.212206
105.835921 1.212206
142.917961 1.212206
124.376941 -55.851185
191.458980 -34.054909
172.917961 -91.118300
240.000000 1.212206
251.458980 -34.054909
232.917961 -91.118300
15.835921 23.008482
-2.705098 -34.054909
-32.705098 58.275597
15.835921 93.542712
-2.705098 150.606103
64.376941 172.402379
-44.164079 207.669494
-62.705098 150.606103
-111.246118 115.338988
-51.246118 115.338988
415.623059 58.275597
397.082039 1.212206
457.082039 1.212206
505.623059 -34.054909
524.164079 23.008482
475.623059 -55.851185
524.164079 -91.118300
427.082039 -91.118300
408.541020 -34.054909
348.541020 -34.054909
348.541020 36.479321
281.458980 -55.851185
330.000000 -91.118300
348.541020 -148.181691
367.082039 -91.118300
f
e
0 1
1 2
2 3
0 3
2 4
4 5
3 5
5 6
6 7
4 7
4 8
8 9
9 10
4 10
1 8
7 11
11 12
6 12
11 13
13 14
14 15
15 16
7 16
7 14
16 17
4 17
13 18
12 18
12 19
19 20
18 20
12 21
21 22
19 22
21 23
6 23
21 24
24 25
25 26
21 26
21 27
27 28
26 28
3 27
3 23
0 28
13 29
15 29
15 30
30 31
31 32
15 32
17 30
32 33
33 34
15 34
15 35
35 36
34 36
35 37
29 37
37 38
36 38
13 39
20 39
20 40
37 40
37 39
40 41
38 41
32 42
42 43
33 43
42 44
44 45
45 46
31 46
32 45
46 47
47 48
31 48
47 49
49 50
46 50
50 51
51 52
46 52
44 52
47 53
53 54
54 55
47 55
47 56
56 57
55 57
56 58
49 58
58 59
57 59
57 60
60 61
59 61
57 62
62 63
60 63
54 62
10 53
10 64
47 64
17 64
9 65
65 66
10 66
54 66
17 48
65 67
67 68
9 68
67 69
69 70
65 70
63 70
63 71
65 71
54 71
67 72
1 72
1 68
72 73
73 74
67 74
74 75
67 76
75 76
0 73
24 77
77 78
25 78
77 79
79 80
80 81
81 82
24 82
24 80
22 82
79 83
78 83
78 84
84 85
83 85
78 86
86 87
84 87
86 88
25 88
86 89
89 90
90 91
86 91
86 92
92 93
91 93
28 92
28 88
0 93
79 94
81 94
81 95
95 96
96 97
81 97
22 95
97 98
98 99
81 99
81 100
100 101
99 101
100 102
94 102
102 103
101 103
79 104
85 104
85 105
102 105
102 104
105 106
103 106
97 107
107 108
98 108
107 109
109 110
110 111
96 111
97 110
20 111
20 112
96 112
20 113
113 114
111 114
114 115
115 116
111 116
109 116
41 113
22 112
89 117
117 118
90 118
117 119
119 120
120 121
121 122
89 122
89 120
87 122
119 123
118 123
118 124
124 125
123 125
118 126
126 127
124 127
126 128
90 128
126 129
75 129
75 130
126 130
126 131
73 131
73 130
93 131
93 128
119 132
121 132
121 133
133 134
134 135
121 135
87 133
135 136
136 137
121 137
121 138
138 139
137 139
138 140
132 140
140 141
139 141
119 142
125 142
125 143
140 143
140 142
143 144
141 144
135 145
145 146
136 146
145 147
147 148
148 149
134 149
135 148
85 149
85 150
134 150
85 151
151 152
149 152
152 153
153 154
149 154
147 154
106 151
87 150
129 155
76 155
155 156
156 157
157 158
158 159
129 159
129 157
127 159
156 160
76 160
76 161
161 162
160 162
69 161
156 163
158 163
158 164
164 165
165 166
158 166
127 164
166 167
167 168
158 168
158 169
169 170
168 170
169 171
163 171
171 172
170 172
156 173
162 173
162 174
171 174
171 173
174 175
172 175
166 176
176 177
167 177
176 178
178 179
179 180
165 180
166 179
125 180
125 181
165 181
125 182
182 183
180 183
183 184
184 185
180 185
178 185
144 182
127 181
63 186
186 187
187 188
63 188
69 186
188 189
189 190
63 190
61 190
188 191
191 192
189 192
191 193
193 194
194 195
187 195
188 194
162 195
162 196
187 196
162 197
197 198
195 198
198 199
199 200
195 200
193 200
175 197
69 196
a
