v
300.000000 300.000000
345.660234 291.108655
368.226194 331.786541
373.879810 285.613502
351.313851 244.935616
410.392300 351.431704
416.045917 305.258664
378.678598 385.463365
336.512490 365.818203
290.852256 374.709549
322.565960 340.677887
442.106004 317.400042
447.759621 271.227002
487.766239 308.508698
456.052534 342.540359
478.618495 383.218246
432.958260 392.109590
493.419856 262.335654
425.193660 230.549117
470.853892 221.657770
383.027553 210.903956
428.687785 202.012609
434.341397 155.839574
388.681171 164.730920
405.593514 251.581840
309.147745 225.290453
340.861449 191.258793
305.653617 253.826960
263.487511 234.181796
285.198639 420.882589
330.858874 411.991244
243.032531 401.237428
248.686147 355.064385
226.120188 314.386498
268.286295 334.031661
327.364748 440.527752
373.024982 431.636404
349.930712 481.205634
307.764603 461.560477
276.050898 495.592142
253.484936 454.914255
395.590942 472.314288
404.738684 397.604743
427.304644 438.282630
180.459951 323.277841
203.025912 363.955731
186.113570 277.104800
231.773805 268.213456
257.833892 280.354836
174.806333 369.450884
197.372295 410.128773
143.092628 403.482548
148.746243 357.309505
106.580133 337.664338
138.293843 303.632675
165.658588 444.160435
239.538404 429.773937
207.824698 463.805601
240.921553 193.503909
209.207849 227.535569
286.581787 184.612566
195.261320 202.395251
163.547612 236.426909
153.095215 182.750081
198.755451 173.858744
204.409068 127.685709
246.575171 147.330871
121.381505 216.781741
157.893992 282.599952
115.727884 262.954783
360.461595 170.226071
318.295491 150.580907
366.115216 124.053033
323.949109 104.407868
272.635258 159.472250
278.288876 113.299212
326.464606 314.406435
373.749515 302.165372
390.105541 311.069039
345.790529 274.556784
329.434504 265.653118
381.168621 358.997097
394.166570 325.976168
403.103490 278.048109
408.556804 381.562911
365.736171 358.252810
338.347988 335.686996
317.316863 389.115983
320.730462 370.809094
341.761588 317.380107
294.476680 329.621170
412.227798 321.300498
463.985351 296.682540
445.924123 301.358209
468.570611 331.806477
485.930740 338.639905
429.587928 328.133924
450.529214 372.161528
438.481581 362.488421
459.422866 406.516025
471.540511 283.053160
466.955248 247.929222
419.670340 260.170286
451.658266 244.955551
498.943173 232.714484
412.251233 203.338560
402.223179 187.606174
441.630212 229.223165
450.567133 181.295106
415.145775 179.137359
366.801821 185.448420
411.116834 221.960670
375.715308 255.482296
381.192057 241.035162
418.535941 278.792396
338.371425 217.725059
310.983242 195.159245
353.803873 218.469349
324.849245 230.529180
276.429936 261.392352
289.952117 248.588232
321.879347 279.282496
268.972910 395.427052
304.394268 397.584810
352.738220 391.273739
255.974958 428.447982
264.911876 380.519923
277.909829 347.498994
220.596867 344.007668
239.062614 341.597052
296.375576 345.088380
270.121794 303.900454
314.422320 413.317196
353.829355 454.934184
343.801302 439.201798
321.841430 470.148922
320.707033 488.771031
313.287920 431.939306
277.886397 465.460936
283.363141 451.013796
247.961618 484.535425
369.126336 457.907851
401.114264 442.693119
374.860478 401.505197
399.215363 427.225912
425.469148 468.413836
426.618031 376.887240
411.078913 412.827093
356.799251 406.180869
199.655582 299.980063
208.549230 334.334562
229.490519 378.362165
164.234223 297.822302
212.578176 291.511235
247.999534 293.668994
233.609305 238.082249
241.608163 254.899298
255.998393 310.486043
287.057573 272.789445
196.685678 348.733380
169.283015 399.072053
181.146566 384.673235
144.928127 373.351341
126.866899 378.027011
178.624449 353.409047
135.803814 330.098950
151.236270 330.843231
108.415637 307.533132
171.181908 414.539265
195.536794 440.259979
226.595975 402.563382
209.660198 433.674394
178.601016 471.370990
266.003011 444.180369
227.020328 440.507823
216.567924 386.830994
269.010833 204.560627
239.086054 223.635116
203.684526 257.156738
260.117182 170.206130
281.058464 214.233735
221.725925 216.801688
165.383114 206.295704
182.743244 213.129132
182.318896 175.184694
172.290848 159.452305
211.697872 201.069301
220.634801 153.141245
224.695823 168.048371
233.632748 120.120313
151.259711 212.881287
134.323931 243.992298
179.773338 261.882449
144.951565 255.389395
99.502158 237.499243
152.370671 312.221121
143.817162 274.011505
191.636891 247.483631
354.938272 199.847240
347.519171 143.015514
346.384771 161.637624
382.340944 149.508570
394.204495 135.109751
336.891535 131.618423
302.069762 125.125370
299.099863 173.878687
294.514607 138.754749
297.484503 90.001432
242.757052 163.372701
276.453378 143.430419
316.459993 180.712114
f
0
e
0 76
1 76
1 77
2 77
2 78
3 78
3 79
4 79
1 80
4 80
2 81
5 81
5 82
6 82
3 83
6 83
5 84
7 84
7 85
8 85
2 86
8 86
8 87
9 87
9 88
10 88
2 89
10 89
0 90
10 90
5 91
11 91
11 92
12 92
6 93
12 93
11 94
13 94
13 95
14 95
5 96
14 96
14 97
15 97
5 98
16 98
15 99
16 99
13 100
17 100
12 101
17 101
12 102
18 102
18 103
19 103
17 104
19 104
18 105
20 105
20 106
21 106
19 107
21 107
21 108
22 108
22 109
23 109
20 110
23 110
20 111
24 111
3 112
24 112
4 113
20 113
12 114
24 114
4 115
25 115
25 116
26 116
20 117
26 117
4 118
27 118
27 119
28 119
25 120
28 120
0 121
27 121
9 122
29 122
29 123
30 123
8 124
30 124
29 125
31 125
31 126
32 126
9 127
32 127
32 128
33 128
33 129
34 129
9 130
34 130
0 131
34 131
29 132
35 132
35 133
36 133
30 134
36 134
35 135
37 135
37 136
38 136
29 137
38 137
38 138
39 138
29 139
40 139
39 140
40 140
37 141
41 141
36 142
41 142
36 143
42 143
42 144
43 144
41 145
43 145
5 146
42 146
16 147
43 147
7 148
36 148
33 149
44 149
44 150
45 150
32 151
45 151
44 152
46 152
46 153
47 153
33 154
47 154
28 155
47 155
28 156
48 156
33 157
48 157
0 158
48 158
44 159
49 159
49 160
50 160
45 161
50 161
49 162
51 162
51 163
52 163
44 164
52 164
52 165
53 165
44 166
54 166
53 167
54 167
51 168
55 168
50 169
55 169
50 170
56 170
56 171
57 171
55 172
57 172
29 173
56 173
40 174
57 174
31 175
50 175
28 176
58 176
58 177
59 177
47 178
59 178
58 179
60 179
25 180
60 180
58 181
61 181
61 182
62 182
59 183
62 183
61 184
63 184
63 185
64 185
58 186
64 186
64 187
65 187
58 188
66 188
65 189
66 189
63 190
67 190
62 191
67 191
62 192
68 192
68 193
69 193
67 194
69 194
44 195
68 195
54 196
69 196
46 197
62 197
20 198
70 198
70 199
71 199
26 200
71 200
70 201
72 201
23 202
72 202
72 203
73 203
71 204
73 204
71 205
74 205
74 206
75 206
73 207
75 207
58 208
74 208
66 209
75 209
60 210
71 210
a
0 76 90
0 90 121
0 121 131
0 131 158
1 76 77
1 77 80
2 77 78
2 78 81
2 81 86
2 86 89
3 78 79
3 79 83
3 83 112
4 79 80
4 80 113
4 113 115
4 115 118
5 81 82
5 82 84
5 84 91
5 91 96
5 96 98
5 98 146
6 82 83
6 83 93
7 84 85
7 85 148
8 85 86
8 86 87
8 87 124
9 87 88
9 88 122
9 122 127
9 127 130
10 88 89
10 89 90
11 91 92
11 92 94
12 92 93
12 93 101
12 101 102
12 102 114
13 94 95
13 95 100
14 95 96
14 96 97
15 97 99
16 98 99
16 99 147
17 100 101
17 101 104
18 102 103
18 103 105
19 103 104
19 104 107
20 105 106
20 106 110
20 110 111
20 111 113
20 113 117
20 117 198
21 106 107
21 107 108
22 108 109
23 109 110
23 110 202
24 111 112
24 112 114
25 115 116
25 116 120
25 120 180
26 116 117
26 117 200
27 118 119
27 119 121
28 119 120
28 120 155
28 155 156
28 156 176
29 122 123
29 123 125
29 125 132
29 132 137
29 137 139
29 139 173
30 123 124
30 124 134
31 125 126
31 126 175
32 126 127
32 127 128
32 128 151
33 128 129
33 129 149
33 149 154
33 154 157
34 129 130
34 130 131
35 132 133
35 133 135
36 133 134
36 134 142
36 142 143
36 143 148
37 135 136
37 136 141
38 136 137
38 137 138
39 138 140
40 139 140
40 140 174
41 141 142
41 142 145
42 143 144
42 144 146
43 144 145
43 145 147
44 149 150
44 150 152
44 152 159
44 159 164
44 164 166
44 166 195
45 150 151
45 151 161
46 152 153
46 153 197
47 153 154
47 154 155
47 155 178
48 156 157
48 157 158
49 159 160
49 160 162
50 160 161
50 161 169
50 169 170
50 170 175
51 162 163
51 163 168
52 163 164
52 164 165
53 165 167
54 166 167
54 167 196
55 168 169
55 169 172
56 170 171
56 171 173
57 171 172
57 172 174
58 176 177
58 177 179
58 179 181
58 181 186
58 186 188
58 188 208
59 177 178
59 178 183
60 179 180
60 180 210
61 181 182
61 182 184
62 182 183
62 183 191
62 191 192
62 192 197
63 184 185
63 185 190
64 185 186
64 186 187
65 187 189
66 188 189
66 189 209
67 190 191
67 191 194
68 192 193
68 193 195
69 193 194
69 194 196
70 198 199
70 199 201
71 199 200
71 200 204
71 204 205
71 205 210
72 201 202
72 202 203
73 203 204
73 204 207
74 205 206
74 206 208
75 206 207
75 207 209
