v
300.000000 300.000000
348.541020 264.732885
397.082039 300.000000
348.541020 335.267115
457.082039 300.000000
408.541020 335.267115
427.082039 392.330506
475.623059 357.063391
408.541020 264.732885
427.082039 207.669494
475.623059 242.936609
457.082039 414.126782
408.541020 449.393897
505.623059 449.393897
524.164079 392.330506
584.164079 392.330506
535.623059 357.063391
517.082039 300.000000
457.082039 484.661012
427.082039 506.457288
475.623059 541.724403
348.541020 449.393897
367.082039 506.457288
367.082039 392.330506
300.000000 484.661012
251.458980 449.393897
300.000000 414.126782
330.000000 392.330506
281.458980 357.063391
565.623059 449.393897
565.623059 335.267115
614.164079 300.000000
632.705098 357.063391
681.246118 392.330506
632.705098 427.597621
602.705098 449.393897
651.246118 484.661012
584.164079 506.457288
632.705098 541.724403
524.164079 506.457288
535.623059 541.724403
584.164079 576.991518
692.705098 357.063391
741.246118 392.330506
711.246118 300.000000
651.246118 300.000000
632.705098 242.936609
584.164079 207.669494
565.623059 264.732885
632.705098 172.402379
681.246118 207.669494
741.246118 207.669494
692.705098 242.936609
524.164079 207.669494
505.623059 150.606103
565.623059 150.606103
602.705098 150.606103
584.164079 93.542712
651.246118 115.338988
632.705098 58.275597
535.623059 58.275597
584.164079 23.008482
524.164079 93.542712
475.623059 58.275597
535.623059 242.936609
408.541020 150.606103
457.082039 185.873218
348.541020 150.606103
367.082039 207.669494
367.082039 93.542712
427.082039 93.542712
457.082039 115.338988
330.000000 207.669494
281.458980 242.936609
300.000000 185.873218
251.458980 150.606103
300.000000 115.338988
240.000000 484.661012
191.458980 449.393897
221.458980 541.724403
281.458980 541.724403
300.000000 598.787794
318.541020 541.724403
172.917961 506.457288
142.917961 484.661012
124.376941 541.724403
172.917961 392.330506
124.376941 427.597621
232.917961 392.330506
124.376941 357.063391
142.917961 300.000000
191.458980 335.267115
221.458980 357.063391
240.000000 300.000000
240.000000 598.787794
348.541020 563.520679
397.082039 598.787794
348.541020 634.054909
330.000000 691.118300
281.458980 655.851185
251.458980 634.054909
232.917961 691.118300
191.458980 634.054909
172.917961 691.118300
172.917961 576.991518
142.917961 598.787794
124.376941 655.851185
367.082039 691.118300
348.541020 748.181691
427.082039 691.118300
408.541020 634.054909
457.082039 598.787794
415.623059 541.724403
524.164079 576.991518
505.623059 634.054909
524.164079 691.118300
475.623059 655.851185
105.835921 300.000000
124.376941 242.936609
45.835921 300.000000
64.376941 357.063391
15.835921 392.330506
75.835921 392.330506
64.376941 242.936609
75.835921 207.669494
15.835921 207.669494
172.917961 207.669494
124.376941 172.402379
191.458980 264.732885
191.458980 150.606103
232.917961 207.669494
221.458980 242.936609
-2.705098 335.267115
64.376941 427.597621
45.835921 484.661012
-2.705098 449.393897
-62.705098 449.393897
-44.164079 392.330506
-32.705098 357.063391
-92.705098 357.063391
-51.246118 300.000000
-111.246118 300.000000
-2.705098 264.732885
-32.705098 242.936609
-92.705098 242.936609
-51.246118 484.661012
-111.246118 484.661012
-32.705098 541.724403
15.835921 506.457288
64.376941 541.724403
105.835921 484.661012
105.835921 598.787794
45.835921 598.787794
-2.705098 634.054909
15.835921 576.991518
240.000000 115.338988
221.458980 58.275597
172.917961 93.542712
124.376941 58.275597
142.917961 115.338988
281.458980 58.275597
318.541020 58.275597
300.000000 1.212206
172.917961 23.008482
105.835921 115.338988
45.835921 115.338988
64.376941 58.275597
45.835921 1.212206
105.835921 1.212206
142.917961 1.212206
124.376941 -55.851185
191.458980 -34.054909
172.917961 -91.118300
240.000000 1.212206
251.458980 -34.054909
232.917961 -91.118300
15.835921 23.008482
-2.705098 -34.054909
-32.705098 58.275597
15.835921 93.542712
-2.705098 150.606103
64.376941 172.402379
-44.164079 207.669494
-62.705098 150.606103
-111.246118 115.338988
-51.246118 115.338988
415.623059 58.275597
397.082039 1.212206
457.082039 1.212206
505.623059 -34.054909
524.164079 23.008482
475.623059 -55.851185
524.164079 -91.118300
427.082039 -91.118300
408.541020 -34.054909
348.541020 -34.054909
348.541020 36.479321
281.458980 -55.851185
330.000000 -91.118300
348.541020 -148.181691
367.082039 -91.118300
324.270510 282.366443
372.811530 282.366443
372.811530 317.633557
324.270510 317.633557
427.082039 300.000000
432.811530 317.633557
378.541020 335.267115
417.811530 363.798811
451.352549 374.696949
466.352549 328.531696
432.811530 282.366443
417.811530 236.201189
451.352549 225.303051
466.352549 271.468304
378.541020 264.732885
466.352549 385.595086
432.811530 431.760339
417.811530 420.862201
481.352549 431.760339
514.893569 420.862201
554.164079 392.330506
559.893569 374.696949
505.623059 357.063391
499.893569 374.696949
526.352549 328.531696
487.082039 300.000000
481.352549 467.027454
432.811530 467.027454
417.811530 477.925592
451.352549 524.090846
466.352549 513.192708
378.541020 449.393897
357.811530 477.925592
397.082039 506.457288
357.811530 420.862201
397.082039 392.330506
324.270510 467.027454
275.729490 467.027454
275.729490 431.760339
324.270510 431.760339
339.270510 420.862201
305.729490 374.696949
290.729490 385.595086
339.270510 363.798811
357.811530 363.798811
290.729490 328.531696
535.623059 449.393897
574.893569 420.862201
574.893569 363.798811
589.893569 317.633557
623.434589 328.531696
608.434589 374.696949
541.352549 317.633557
656.975608 374.696949
656.975608 409.964064
608.434589 409.964064
593.434589 420.862201
626.975608 467.027454
641.975608 456.129317
593.434589 477.925592
574.893569 477.925592
608.434589 524.090846
641.975608 513.192708
514.893569 477.925592
499.893569 524.090846
505.623059 541.724403
559.893569 524.090846
554.164079 506.457288
559.893569 559.357960
608.434589 559.357960
662.705098 357.063391
716.975608 374.696949
711.246118 392.330506
701.975608 328.531696
681.246118 300.000000
641.975608 271.468304
623.434589 271.468304
641.975608 328.531696
608.434589 225.303051
574.893569 236.201189
589.893569 282.366443
608.434589 190.035936
656.975608 190.035936
656.975608 225.303051
711.246118 207.669494
716.975608 225.303051
662.705098 242.936609
701.975608 271.468304
554.164079 207.669494
514.893569 179.137798
535.623059 150.606103
574.893569 179.137798
593.434589 179.137798
593.434589 122.074407
574.893569 122.074407
626.975608 132.972545
641.975608 143.870683
641.975608 86.807293
608.434589 75.909154
559.893569 75.909154
559.893569 40.642039
608.434589 40.642039
554.164079 93.542712
499.893569 75.909154
505.623059 58.275597
514.893569 122.074407
499.893569 225.303051
505.623059 242.936609
559.893569 225.303051
526.352549 271.468304
417.811530 179.137798
432.811530 168.239661
466.352549 214.404914
481.352549 168.239661
541.352549 282.366443
378.541020 150.606103
357.811530 179.137798
397.082039 207.669494
357.811530 122.074407
397.082039 93.542712
417.811530 122.074407
451.352549 75.909154
466.352549 86.807293
432.811530 132.972545
481.352549 132.972545
339.270510 179.137798
339.270510 236.201189
357.811530 236.201189
305.729490 225.303051
290.729490 214.404914
324.270510 168.239661
275.729490 168.239661
324.270510 132.972545
275.729490 132.972545
290.729490 271.468304
270.000000 484.661012
215.729490 467.027454
221.458980 449.393897
230.729490 513.192708
251.458980 541.724403
290.729490 570.256099
309.270510 570.256099
309.270510 513.192708
290.729490 513.192708
342.811530 524.090846
197.188470 524.090846
182.188470 477.925592
167.188470 467.027454
133.647451 513.192708
148.647451 524.090846
182.188470 420.862201
148.647451 409.964064
133.647451 456.129317
202.917961 392.330506
242.188470 420.862201
148.647451 374.696949
133.647451 328.531696
167.188470 317.633557
182.188470 363.798811
197.188470 374.696949
230.729490 328.531696
215.729490 317.633557
251.458980 357.063391
257.188470 374.696949
270.000000 300.000000
230.729490 570.256099
270.000000 598.787794
324.270510 581.154237
372.811530 581.154237
372.811530 616.421351
324.270510 616.421351
357.811530 534.988984
339.270510 662.586605
305.729490 673.484743
290.729490 627.319489
275.729490 616.421351
242.188470 662.586605
257.188470 673.484743
221.458980 634.054909
215.729490 616.421351
182.188470 662.586605
202.917961 691.118300
197.188470 559.357960
148.647451 559.357960
133.647451 570.256099
167.188470 616.421351
182.188470 605.523213
133.647451 627.319489
148.647451 673.484743
357.811530 662.586605
357.811530 719.649995
339.270510 719.649995
397.082039 691.118300
417.811530 662.586605
432.811530 616.421351
427.082039 598.787794
378.541020 634.054909
466.352549 570.256099
445.623059 541.724403
406.352549 570.256099
499.893569 559.357960
514.893569 605.523213
481.352549 616.421351
514.893569 662.586605
499.893569 673.484743
466.352549 627.319489
451.352549 673.484743
554.164079 576.991518
391.352549 524.090846
115.106431 328.531696
115.106431 271.468304
133.647451 271.468304
75.835921 300.000000
55.106431 328.531696
40.106431 374.696949
45.835921 392.330506
100.106431 374.696949
94.376941 357.063391
100.106431 409.964064
55.106431 271.468304
94.376941 242.936609
100.106431 225.303051
45.835921 207.669494
40.106431 225.303051
148.647451 225.303051
148.647451 190.035936
100.106431 190.035936
182.188470 236.201189
167.188470 282.366443
182.188470 179.137798
221.458980 150.606103
242.188470 179.137798
202.917961 207.669494
197.188470 225.303051
251.458980 242.936609
257.188470 225.303051
230.729490 271.468304
215.729490 282.366443
21.565411 317.633557
6.565412 363.798811
40.106431 409.964064
55.106431 456.129317
21.565411 467.027454
6.565412 420.862201
94.376941 427.597621
-32.705098 449.393897
-53.434589 420.862201
-14.164079 392.330506
-8.434589 374.696949
-62.705098 357.063391
-68.434589 374.696949
-41.975608 328.531696
-26.975608 317.633557
-81.246118 300.000000
-101.975608 328.531696
21.565411 282.366443
6.565412 236.201189
-8.434589 225.303051
-41.975608 271.468304
-26.975608 282.366443
-62.705098 242.936609
-101.975608 271.468304
-26.975608 467.027454
-81.246118 484.661012
-86.975608 467.027454
-41.975608 513.192708
-8.434589 524.090846
40.106431 524.090846
55.106431 513.192708
6.565412 477.925592
94.376941 541.724403
115.106431 513.192708
75.835921 484.661012
115.106431 570.256099
75.835921 598.787794
55.106431 570.256099
21.565411 616.421351
6.565412 605.523213
40.106431 559.357960
-8.434589 559.357960
115.106431 627.319489
115.106431 456.129317
215.729490 132.972545
270.000000 115.338988
230.729490 86.807293
197.188470 75.909154
148.647451 75.909154
133.647451 86.807293
167.188470 132.972545
182.188470 122.074407
133.647451 143.870683
251.458980 58.275597
290.729490 86.807293
309.270510 86.807293
309.270510 29.743901
290.729490 29.743901
342.811530 75.909154
197.188470 40.642039
148.647451 40.642039
115.106431 86.807293
75.835921 115.338988
55.106431 86.807293
94.376941 58.275597
115.106431 143.870683
55.106431 29.743901
75.835921 1.212206
115.106431 29.743901
133.647451 29.743901
133.647451 -27.319489
115.106431 -27.319489
167.188470 -16.421352
182.188470 -5.523214
182.188470 -62.586605
148.647451 -73.484743
230.729490 29.743901
270.000000 1.212206
275.729490 -16.421352
221.458980 -34.054909
215.729490 -16.421352
242.188470 -62.586605
202.917961 -91.118300
40.106431 40.642039
6.565412 -5.523214
21.565411 -16.421352
-8.434589 40.642039
-8.434589 75.909154
6.565412 122.074407
21.565411 132.972545
40.106431 75.909154
6.565412 179.137798
40.106431 190.035936
55.106431 143.870683
-14.164079 207.669494
-53.434589 179.137798
-32.705098 150.606103
-86.975608 132.972545
-81.246118 115.338988
-26.975608 132.972545
-41.975608 86.807293
-68.434589 225.303051
94.376941 172.402379
445.623059 58.275597
406.352549 29.743901
427.082039 1.212206
466.352549 29.743901
391.352549 75.909154
481.352549 -16.421352
514.893569 -5.523214
499.893569 40.642039
554.164079 23.008482
466.352549 -27.319489
499.893569 -73.484743
514.893569 -62.586605
451.352549 -73.484743
417.811530 -62.586605
378.541020 -34.054909
372.811530 -16.421352
432.811530 -16.421352
324.270510 -16.421352
324.270510 18.845764
372.811530 18.845764
290.729490 -27.319489
305.729490 -73.484743
339.270510 -62.586605
339.270510 -119.649996
357.811530 -119.649996
357.811530 -62.586605
397.082039 -91.118300
257.188470 -73.484743
357.811530 65.011016
f
e
0 201
1 201
1 202
2 202
2 203
3 203
0 204
3 204
2 205
4 205
4 206
5 206
3 207
5 207
5 208
6 208
6 209
7 209
4 210
7 210
4 211
8 211
8 212
9 212
9 213
10 213
4 214
10 214
1 215
8 215
7 216
11 216
11 217
12 217
6 218
12 218
11 219
13 219
13 220
14 220
14 221
15 221
15 222
16 222
7 223
16 223
7 224
14 224
16 225
17 225
4 226
17 226
13 227
18 227
12 228
18 228
12 229
19 229
19 230
20 230
18 231
20 231
12 232
21 232
21 233
22 233
19 234
22 234
21 235
23 235
6 236
23 236
21 237
24 237
24 238
25 238
25 239
26 239
21 240
26 240
21 241
27 241
27 242
28 242
26 243
28 243
3 244
27 244
3 245
23 245
0 246
28 246
13 247
29 247
15 248
29 248
15 249
30 249
30 250
31 250
31 251
32 251
15 252
32 252
17 253
30 253
32 254
33 254
33 255
34 255
15 256
34 256
15 257
35 257
35 258
36 258
34 259
36 259
35 260
37 260
29 261
37 261
37 262
38 262
36 263
38 263
13 264
39 264
20 265
39 265
20 266
40 266
37 267
40 267
37 268
39 268
40 269
41 269
38 270
41 270
32 271
42 271
42 272
43 272
33 273
43 273
42 274
44 274
44 275
45 275
45 276
46 276
31 277
46 277
32 278
45 278
46 279
47 279
47 280
48 280
31 281
48 281
47 282
49 282
49 283
50 283
46 284
50 284
50 285
51 285
51 286
52 286
46 287
52 287
44 288
52 288
47 289
53 289
53 290
54 290
54 291
55 291
47 292
55 292
47 293
56 293
56 294
57 294
55 295
57 295
56 296
58 296
49 297
58 297
58 298
59 298
57 299
59 299
57 300
60 300
60 301
61 301
59 302
61 302
57 303
62 303
62 304
63 304
60 305
63 305
54 306
62 306
10 307
53 307
10 308
64 308
47 309
64 309
17 310
64 310
9 311
65 311
65 312
66 312
10 313
66 313
54 314
66 314
17 315
48 315
65 316
67 316
67 317
68 317
9 318
68 318
67 319
69 319
69 320
70 320
65 321
70 321
63 322
70 322
63 323
71 323
65 324
71 324
54 325
71 325
67 326
72 326
1 327
72 327
1 328
68 328
72 329
73 329
73 330
74 330
67 331
74 331
74 332
75 332
67 333
76 333
75 334
76 334
0 335
73 335
24 336
77 336
77 337
78 337
25 338
78 338
77 339
79 339
79 340
80 340
80 341
81 341
81 342
82 342
24 343
82 343
24 344
80 344
22 345
82 345
79 346
83 346
78 347
83 347
78 348
84 348
84 349
85 349
83 350
85 350
78 351
86 351
86 352
87 352
84 353
87 353
86 354
88 354
25 355
88 355
86 356
89 356
89 357
90 357
90 358
91 358
86 359
91 359
86 360
92 360
92 361
93 361
91 362
93 362
28 363
92 363
28 364
88 364
0 365
93 365
79 366
94 366
81 367
94 367
81 368
95 368
95 369
96 369
96 370
97 370
81 371
97 371
22 372
95 372
97 373
98 373
98 374
99 374
81 375
99 375
81 376
100 376
100 377
101 377
99 378
101 378
100 379
102 379
94 380
102 380
102 381
103 381
101 382
103 382
79 383
104 383
85 384
104 384
85 385
105 385
102 386
105 386
102 387
104 387
105 388
106 388
103 389
106 389
97 390
107 390
107 391
108 391
98 392
108 392
107 393
109 393
109 394
110 394
110 395
111 395
96 396
111 396
97 397
110 397
20 398
111 398
20 399
112 399
96 400
112 400
20 401
113 401
113 402
114 402
111 403
114 403
114 404
115 404
115 405
116 405
111 406
116 406
109 407
116 407
41 408
113 408
22 409
112 409
89 410
117 410
117 411
118 411
90 412
118 412
117 413
119 413
119 414
120 414
120 415
121 415
121 416
122 416
89 417
122 417
89 418
120 418
87 419
122 419
119 420
123 420
118 421
123 421
118 422
124 422
124 423
125 423
123 424
125 424
118 425
126 425
126 426
127 426
124 427
127 427
126 428
128 428
90 429
128 429
126 430
129 430
75 431
129 431
75 432
130 432
126 433
130 433
126 434
131 434
73 435
131 435
73 436
130 436
93 437
131 437
93 438
128 438
119 439
132 439
121 440
132 440
121 441
133 441
133 442
134 442
134 443
135 443
121 444
135 444
87 445
133 445
135 446
136 446
136 447
137 447
121 448
137 448
121 449
138 449
138 450
139 450
137 451
139 451
138 452
140 452
132 453
140 453
140 454
141 454
139 455
141 455
119 456
142 456
125 457
142 457
125 458
143 458
140 459
143 459
140 460
142 460
143 461
144 461
141 462
144 462
135 463
145 463
145 464
146 464
136 465
146 465
145 466
147 466
147 467
148 467
148 468
149 468
134 469
149 469
135 470
148 470
85 471
149 471
85 472
150 472
134 473
150 473
85 474
151 474
151 475
152 475
149 476
152 476
152 477
153 477
153 478
154 478
149 479
154 479
147 480
154 480
106 481
151 481
87 482
150 482
129 483
155 483
76 484
155 484
155 485
156 485
156 486
157 486
157 487
158 487
158 488
159 488
129 489
159 489
129 490
157 490
127 491
159 491
156 492
160 492
76 493
160 493
76 494
161 494
161 495
162 495
160 496
162 496
69 497
161 497
156 498
163 498
158 499
163 499
158 500
164 500
164 501
165 501
165 502
166 502
158 503
166 503
127 504
164 504
166 505
167 505
167 506
168 506
158 507
168 507
158 508
169 508
169 509
170 509
168 510
170 510
169 511
171 511
163 512
171 512
171 513
172 513
170 514
172 514
156 515
173 515
162 516
173 516
162 517
174 517
171 518
174 518
171 519
173 519
174 520
175 520
172 521
175 521
166 522
176 522
176 523
177 523
167 524
177 524
176 525
178 525
178 526
179 526
179 527
180 527
165 528
180 528
166 529
179 529
125 530
180 530
125 531
181 531
165 532
181 532
125 533
182 533
182 534
183 534
180 535
183 535
183 536
184 536
184 537
185 537
180 538
185 538
178 539
185 539
144 540
182 540
127 541
181 541
63 542
186 542
186 543
187 543
187 544
188 544
63 545
188 545
69 546
186 546
188 547
189 547
189 548
190 548
63 549
190 549
61 550
190 550
188 551
191 551
191 552
192 552
189 553
192 553
191 554
193 554
193 555
194 555
194 556
195 556
187 557
195 557
188 558
194 558
162 559
195 559
162 560
196 560
187 561
196 561
162 562
197 562
197 563
198 563
195 564
198 564
198 565
199 565
199 566
200 566
195 567
200 567
193 568
200 568
175 569
197 569
69 570
196 570
a
0 201 204
0 204 246
0 246 335
0 335 365
1 201 202
1 202 215
1 215 327
1 327 328
2 202 203
2 203 205
3 203 204
3 204 207
3 207 244
3 244 245
4 205 206
4 206 210
4 210 211
4 211 214
4 214 226
5 206 207
5 207 208
6 208 209
6 209 218
6 218 236
7 209 210
7 210 216
7 216 223
7 223 224
8 211 212
8 212 215
9 212 213
9 213 311
9 311 318
10 213 214
10 214 307
10 307 308
10 308 313
11 216 217
11 217 219
12 217 218
12 218 228
12 228 229
12 229 232
13 219 220
13 220 227
13 227 247
13 247 264
14 220 221
14 221 224
15 221 222
15 222 248
15 248 249
15 249 252
15 252 256
15 256 257
16 222 223
16 223 225
17 225 226
17 226 253
17 253 310
17 310 315
18 227 228
18 228 231
19 229 230
19 230 234
20 230 231
20 231 265
20 265 266
20 266 398
20 398 399
20 399 401
21 232 233
21 233 235
21 235 237
21 237 240
21 240 241
22 233 234
22 234 345
22 345 372
22 372 409
23 235 236
23 236 245
24 237 238
24 238 336
24 336 343
24 343 344
25 238 239
25 239 338
25 338 355
26 239 240
26 240 243
27 241 242
27 242 244
28 242 243
28 243 246
28 246 363
28 363 364
29 247 248
29 248 261
30 249 250
30 250 253
31 250 251
31 251 277
31 277 281
32 251 252
32 252 254
32 254 271
32 271 278
33 254 255
33 255 273
34 255 256
34 256 259
35 257 258
35 258 260
36 258 259
36 259 263
37 260 261
37 261 262
37 262 267
37 267 268
38 262 263
38 263 270
39 264 265
39 265 268
40 266 267
40 267 269
41 269 270
41 270 408
42 271 272
42 272 274
43 272 273
44 274 275
44 275 288
45 275 276
45 276 278
46 276 277
46 277 279
46 279 284
46 284 287
47 279 280
47 280 282
47 282 289
47 289 292
47 292 293
47 293 309
48 280 281
48 281 315
49 282 283
49 283 297
50 283 284
50 284 285
51 285 286
52 286 287
52 287 288
53 289 290
53 290 307
54 290 291
54 291 306
54 306 314
54 314 325
55 291 292
55 292 295
56 293 294
56 294 296
57 294 295
57 295 299
57 299 300
57 300 303
58 296 297
58 297 298
59 298 299
59 299 302
60 300 301
60 301 305
61 301 302
61 302 550
62 303 304
62 304 306
63 304 305
63 305 322
63 322 323
63 323 542
63 542 545
63 545 549
64 308 309
64 309 310
65 311 312
65 312 316
65 316 321
65 321 324
66 312 313
66 313 314
67 316 317
67 317 319
67 319 326
67 326 331
67 331 333
68 317 318
68 318 328
69 319 320
69 320 497
69 497 546
69 546 570
70 320 321
70 321 322
71 323 324
71 324 325
72 326 327
72 327 329
73 329 330
73 330 335
73 335 435
73 435 436
74 330 331
74 331 332
75 332 334
75 334 431
75 431 432
76 333 334
76 334 484
76 484 493
76 493 494
77 336 337
77 337 339
78 337 338
78 338 347
78 347 348
78 348 351
79 339 340
79 340 346
79 346 366
79 366 383
80 340 341
80 341 344
81 341 342
81 342 367
81 367 368
81 368 371
81 371 375
81 375 376
82 342 343
82 343 345
83 346 347
83 347 350
84 348 349
84 349 353
85 349 350
85 350 384
85 384 385
85 385 471
85 471 472
85 472 474
86 351 352
86 352 354
86 354 356
86 356 359
86 359 360
87 352 353
87 353 419
87 419 445
87 445 482
88 354 355
88 355 364
89 356 357
89 357 410
89 410 417
89 417 418
90 357 358
90 358 412
90 412 429
91 358 359
91 359 362
92 360 361
92 361 363
93 361 362
93 362 365
93 365 437
93 437 438
94 366 367
94 367 380
95 368 369
95 369 372
96 369 370
96 370 396
96 396 400
97 370 371
97 371 373
97 373 390
97 390 397
98 373 374
98 374 392
99 374 375
99 375 378
100 376 377
100 377 379
101 377 378
101 378 382
102 379 380
102 380 381
102 381 386
102 386 387
103 381 382
103 382 389
104 383 384
104 384 387
105 385 386
105 386 388
106 388 389
106 389 481
107 390 391
107 391 393
108 391 392
109 393 394
109 394 407
110 394 395
110 395 397
111 395 396
111 396 398
111 398 403
111 403 406
112 399 400
112 400 409
113 401 402
113 402 408
114 402 403
114 403 404
115 404 405
116 405 406
116 406 407
117 410 411
117 411 413
118 411 412
118 412 421
118 421 422
118 422 425
119 413 414
119 414 420
119 420 439
119 439 456
120 414 415
120 415 418
121 415 416
121 416 440
121 440 441
121 441 444
121 444 448
121 448 449
122 416 417
122 417 419
123 420 421
123 421 424
124 422 423
124 423 427
125 423 424
125 424 457
125 457 458
125 458 530
125 530 531
125 531 533
126 425 426
126 426 428
126 428 430
126 430 433
126 433 434
127 426 427
127 427 491
127 491 504
127 504 541
128 428 429
128 429 438
129 430 431
129 431 483
129 483 489
129 489 490
130 432 433
130 433 436
131 434 435
131 435 437
132 439 440
132 440 453
133 441 442
133 442 445
134 442 443
134 443 469
134 469 473
135 443 444
135 444 446
135 446 463
135 463 470
136 446 447
136 447 465
137 447 448
137 448 451
138 449 450
138 450 452
139 450 451
139 451 455
140 452 453
140 453 454
140 454 459
140 459 460
141 454 455
141 455 462
142 456 457
142 457 460
143 458 459
143 459 461
144 461 462
144 462 540
145 463 464
145 464 466
146 464 465
147 466 467
147 467 480
148 467 468
148 468 470
149 468 469
149 469 471
149 471 476
149 476 479
150 472 473
150 473 482
151 474 475
151 475 481
152 475 476
152 476 477
153 477 478
154 478 479
154 479 480
155 483 484
155 484 485
156 485 486
156 486 492
156 492 498
156 498 515
157 486 487
157 487 490
158 487 488
158 488 499
158 499 500
158 500 503
158 503 507
158 507 508
159 488 489
159 489 491
160 492 493
160 493 496
161 494 495
161 495 497
162 495 496
162 496 516
162 516 517
162 517 559
162 559 560
162 560 562
163 498 499
163 499 512
164 500 501
164 501 504
165 501 502
165 502 528
165 528 532
166 502 503
166 503 505
166 505 522
166 522 529
167 505 506
167 506 524
168 506 507
168 507 510
169 508 509
169 509 511
170 509 510
170 510 514
171 511 512
171 512 513
171 513 518
171 518 519
172 513 514
172 514 521
173 515 516
173 516 519
174 517 518
174 518 520
175 520 521
175 521 569
176 522 523
176 523 525
177 523 524
178 525 526
178 526 539
179 526 527
179 527 529
180 527 528
180 528 530
180 530 535
180 535 538
181 531 532
181 532 541
182 533 534
182 534 540
183 534 535
183 535 536
184 536 537
185 537 538
185 538 539
186 542 543
186 543 546
187 543 544
187 544 557
187 557 561
188 544 545
188 545 547
188 547 551
188 551 558
189 547 548
189 548 553
190 548 549
190 549 550
191 551 552
191 552 554
192 552 553
193 554 555
193 555 568
194 555 556
194 556 558
195 556 557
195 557 559
195 559 564
195 564 567
196 560 561
196 561 570
197 562 563
197 563 569
198 563 564
198 564 565
199 565 566
200 566 567
200 567 568
