v
300.000000 300.000000
360.000000 300.000000
378.541020 357.063391
318.541020 357.063391
408.541020 335.267115
427.082039 392.330506
457.082039 300.000000
408.541020 264.732885
427.082039 207.669494
378.541020 242.936609
318.541020 242.936609
270.000000 392.330506
251.458980 335.267115
300.000000 414.126782
251.458980 449.393897
348.541020 449.393897
367.082039 392.330506
202.917961 300.000000
251.458980 264.732885
191.458980 335.267115
142.917961 300.000000
172.917961 392.330506
232.917961 392.330506
270.000000 207.669494
232.917961 207.669494
251.458980 150.606103
172.917961 207.669494
191.458980 264.732885
367.082039 207.669494
348.541020 150.606103
300.000000 185.873218
f
e
0 1
1 2
2 3
0 3
1 4
4 5
2 5
4 6
6 7
7 8
8 9
1 9
1 7
9 10
0 10
3 11
11 12
0 12
3 13
13 14
11 14
13 15
15 16
5 16
3 16
12 17
17 18
0 18
12 19
19 20
17 20
19 21
21 22
14 22
12 22
18 23
10 23
18 24
24 25
23 25
24 26
26 27
20 27
18 27
10 28
8 28
28 29
29 30
25 30
10 30
a
